# Layer Numbers: 5
# Layer Number: 4
softmax
12 128
# W
-0.04490744322538376
-0.10036953538656235
0.0811285674571991
-0.030086375772953033
-0.27249276638031006
0.013625646010041237
0.038185615092515945
0.06012518331408501
-0.02819770760834217
-0.03937113285064697
0.15349127352237701
0.39279359579086304
-0.1595233827829361
0.23005817830562592
0.016846537590026855
0.061086371541023254
-0.3208267092704773
0.10599194467067719
0.14295987784862518
0.026842456310987473
-0.0698871836066246
0.2258480340242386
0.27787095308303833
-0.4098544120788574
2.3192155361175537
0.029247118160128593
-0.003198541235178709
-0.12142729759216309
0.013574608601629734
-0.3050498068332672
-0.04565257951617241
-0.02661309763789177
-0.021073898300528526
-0.3088819980621338
-0.016970565542578697
0.022570740431547165
-0.0672331228852272
0.3541015088558197
-0.22383654117584229
-0.17217406630516052
-0.046005912125110626
-0.11807525902986526
-0.13294759392738342
-0.10951888561248779
-0.12317100167274475
-0.08706729859113693
-0.08346313238143921
-0.07446383684873581
0.06194808706641197
0.07423017174005508
0.024041252210736275
0.03940937668085098
-0.08635049313306808
-0.16156765818595886
0.0037756827659904957
0.07135412842035294
-0.6431153416633606
0.07859490066766739
0.08679865300655365
0.06633421033620834
0.047193508595228195
0.03804761543869972
0.03288025036454201
-0.04059470817446709
0.018746986985206604
0.08918477594852448
0.12134923040866852
0.1500060111284256
0.022190628573298454
0.057416338473558426
-0.4126402735710144
0.09158135205507278
-0.22870230674743652
0.08071983605623245
0.03626774251461029
0.020547037944197655
0.03079814650118351
0.09621438384056091
0.07029645889997482
0.12985733151435852
0.028769616037607193
-1.1910183429718018
-0.3572733402252197
0.2371608465909958
-0.02999749407172203
-0.03568197786808014
-0.026629889383912086
0.0034981979988515377
-0.033129483461380005
-0.003988774958997965
-0.029270997270941734
-0.00815196055918932
0.004016322549432516
-0.002720626536756754
-0.6721341609954834
-0.041055407375097275
-0.11148225516080856
-0.3335268795490265
0.055259909480810165
-0.10616053640842438
-0.0008496302179992199
0.0025143304374068975
-0.32424962520599365
-0.258585125207901
0.01861019805073738
-0.024432022124528885
0.004962943494319916
0.17887452244758606
-0.5270022749900818
0.12103290110826492
-0.24883171916007996
0.11542057245969772
0.04994216933846474
0.06926411390304565
0.07878085970878601
0.0412839911878109
0.05940426141023636
-0.6932572722434998
0.28858324885368347
-0.09401585906744003
0.024066897109150887
0.15939168632030487
0.19524259865283966
0.1256546527147293
0.00362663553096354
0.12821345031261444
-0.20642708241939545
-0.5276464223861694
0.030878795310854912
0.028847064822912216
0.15950675308704376
-0.03089115396142006
0.010985550470650196
0.18784493207931519
0.184170663356781
0.14526858925819397
0.15123306214809418
0.16465839743614197
-0.37926965951919556
-0.37291449308395386
0.11512275040149689
0.027488956227898598
0.14619915187358856
-0.058468785136938095
0.04466673359274864
0.2678665220737457
0.016422465443611145
-0.03670881688594818
0.05972398445010185
0.029990170150995255
0.09598604589700699
0.11476574093103409
0.16265399754047394
-0.4539087116718292
-0.13219040632247925
-0.38386452198028564
0.026926085352897644
-0.10035696625709534
-0.17059804499149323
-0.09601575136184692
0.12238387018442154
-0.3369681239128113
-0.3358035683631897
0.06346004456281662
-0.033818669617176056
0.08382018655538559
0.1378038376569748
0.1312403529882431
-0.047712888568639755
-0.39075690507888794
-0.025657422840595245
0.1041087806224823
0.02479005791246891
0.1557386815547943
0.06928230822086334
-0.06175107881426811
-0.2571966052055359
-0.07044532150030136
0.09579835087060928
-0.06688134372234344
-0.072145476937294
-0.042182501405477524
-0.8128904700279236
-0.10202300548553467
-0.07023701816797256
0.008334577083587646
-0.04682363569736481
-0.01393391564488411
-0.004484883509576321
-0.04810090735554695
-0.05563163384795189
-0.07856155931949615
0.02260841801762581
-0.12499333918094635
0.03510574251413345
0.017601076513528824
-0.12210626900196075
0.14820650219917297
-0.4299256503582001
0.020840896293520927
0.07925860583782196
-0.08240271359682083
-0.02650477923452854
-0.06586889177560806
0.23601140081882477
0.09063061326742172
0.10045725852251053
0.085422083735466
0.09567739069461823
0.09260047227144241
0.07821579277515411
0.09217076003551483
0.052944958209991455
0.09269503504037857
-0.7081055045127869
0.1070275753736496
0.013716349378228188
-0.07576896250247955
-0.08130750805139542
-0.11403021216392517
-0.302924245595932
0.07786846905946732
0.045828379690647125
0.022867191582918167
0.3281901478767395
0.07795368134975433
0.0028563388623297215
0.055289071053266525
0.0011628605425357819
-0.4212910830974579
-0.35651472210884094
0.0239148810505867
-0.4878069758415222
0.030592776834964752
0.016192231327295303
0.10547968745231628
0.1734415888786316
0.12185274064540863
0.13976667821407318
0.1476830244064331
-0.08374295383691788
0.1299961507320404
0.04397861286997795
0.08091731369495392
-0.6495882272720337
0.0752774178981781
0.002606516471132636
0.06224977225065231
-0.05027566850185394
0.10756068676710129
-0.10057313740253448
0.055592890828847885
0.14368058741092682
0.12134920060634613
0.11166000366210938
0.11288388073444366
0.27191755175590515
0.08873162418603897
-0.09712065756320953
0.1184321716427803
-0.341781884431839
0.40212759375572205
-0.25448015332221985
-0.24948672950267792
0.1541370451450348
0.014810462482273579
-0.05048888921737671
-0.05754850059747696
-0.21942178905010223
-0.005701187066733837
-0.022425096482038498
-0.34020861983299255
0.002354863565415144
-0.056203052401542664
0.371032178401947
0.29155081510543823
0.13776648044586182
0.0432022400200367
0.010780631564557552
-0.25824758410453796
0.11003000289201736
-0.06606431305408478
0.002227433957159519
-0.48491978645324707
0.04426731541752815
0.11692378669977188
0.1020040288567543
0.043389417231082916
0.35546645522117615
0.04043817147612572
-0.0413145087659359
-0.1244581937789917
-0.14782777428627014
-0.037568315863609314
-0.4222908020019531
-0.01405059639364481
0.17644543945789337
-0.4185294806957245
0.15474721789360046
0.06418859958648682
0.05058354511857033
-0.012645846232771873
-0.05551190674304962
-0.3391217887401581
0.10206834971904755
0.18764151632785797
0.1491946130990982
-0.2300354540348053
0.11054746806621552
0.053356949239969254
0.056239962577819824
0.043780289590358734
0.09000405669212341
0.014142445288598537
-0.008555836975574493
0.020208995789289474
0.06839242577552795
-0.7864463329315186
0.08109337836503983
0.08324319869279861
0.11405286937952042
0.07709299772977829
0.10020838677883148
0.08756391704082489
-0.025226635858416557
-0.11264931410551071
-0.09129934012889862
-0.08629902452230453
-0.09859177470207214
0.44967272877693176
-0.1318475753068924
-0.0669671967625618
-0.08530434966087341
-0.07210633903741837
-0.11197792738676071
-0.09590446949005127
-0.05275345966219902
0.06932777911424637
0.08571027219295502
0.11320839822292328
0.05175265669822693
0.07813705503940582
0.0848119705915451
-0.6475418210029602
0.07084759324789047
0.023017555475234985
0.05539471656084061
0.006374140735715628
0.07618667185306549
-0.12200617045164108
0.01752176508307457
0.02813056856393814
-0.45209112763404846
-0.08456242084503174
0.003313777269795537
0.07823805510997772
0.28499695658683777
-0.1523514986038208
0.23065707087516785
-0.02724248729646206
0.08910331130027771
-0.0616462342441082
-0.12718385457992554
-0.04274914413690567
-0.06702432781457901
0.013036694377660751
-0.2928181290626526
-0.11285712569952011
0.16939657926559448
0.1571488082408905
-0.21346941590309143
0.20441389083862305
-0.04958552494645119
-0.21598206460475922
-0.23655080795288086
0.07449974119663239
0.07877273112535477
-0.43532827496528625
0.1003517284989357
0.03654666244983673
0.16940174996852875
0.11063417047262192
0.058404795825481415
-0.06468372046947479
0.1380445808172226
0.11118212342262268
0.05368468165397644
0.10133147984743118
0.03744997829198837
0.10460089892148972
0.07082666456699371
0.09639199823141098
-1.0940624475479126
0.10645359009504318
0.13272584974765778
0.13685691356658936
-0.050810202956199646
-0.09244764596223831
-0.20755644142627716
-0.006737119052559137
-0.3154585659503937
0.04785068333148956
-0.009838048368692398
0.1471765786409378
-0.009045765735208988
-0.19420498609542847
0.021327169612050056
0.04097406566143036
0.03569851070642471
0.05540113523602486
-0.6108114123344421
-0.066091388463974
-0.06889177858829498
0.05558783560991287
0.1424054652452469
0.036803849041461945
-0.004635888617485762
0.02961733750998974
0.04965367168188095
0.02420268952846527
0.048855122178792953
0.03767511248588562
-0.03843402490019798
-0.002708554035052657
0.005103606730699539
-0.9879686236381531
0.0671786367893219
0.06423821300268173
0.04909193515777588
0.008680535480380058
0.015369032509624958
0.06803768128156662
0.20234271883964539
-0.01800396665930748
-0.096595399081707
-0.07079622149467468
0.008675665594637394
-0.07614757865667343
-0.02923528663814068
-0.24502766132354736
0.20084106922149658
0.20957140624523163
0.17410999536514282
-0.49544253945350647
-0.003335088025778532
-0.050235431641340256
-0.036272961646318436
-0.04554561525583267
0.05787166580557823
-0.027488132938742638
0.030304253101348877
-0.28608474135398865
0.014027145691215992
-0.02354861982166767
-0.027675947174429893
0.2483873814344406
-0.2790010869503021
-0.005923925898969173
0.006412222050130367
-0.0070545971393585205
0.17316612601280212
0.06954725086688995
0.1404992640018463
0.16503514349460602
0.3058012127876282
0.06995228677988052
-0.814048707485199
0.2611965537071228
0.17235757410526276
0.1569892317056656
0.011833560653030872
0.11781876534223557
0.1214631199836731
0.03628408908843994
-0.02193260006606579
-0.3136657476425171
-0.41418132185935974
-0.11740213632583618
0.18602976202964783
0.12684254348278046
0.3728425204753876
0.14205139875411987
0.14107832312583923
0.167617067694664
-0.0975024402141571
0.12946797907352448
0.1664007306098938
-0.474460244178772
0.3196289539337158
-0.21016664803028107
-0.5451611280441284
0.37425488233566284
0.052781712263822556
0.07370511442422867
-0.7300310134887695
-0.0003589188272599131
0.05722561478614807
0.07877964526414871
0.07601775228977203
0.08950653672218323
0.10236335545778275
0.08158934861421585
0.04982796683907509
0.04307597503066063
0.4706403315067291
0.16148178279399872
-0.12472668290138245
0.08895809948444366
0.1254224181175232
0.07732468843460083
0.08299277722835541
0.0663231685757637
-0.12004556506872177
-0.37201008200645447
-0.04041054844856262
-0.6009861826896667
0.14963829517364502
-0.048664938658475876
0.053005654364824295
-0.16752119362354279
0.20633742213249207
-0.536212146282196
0.17619255185127258
0.1115160584449768
0.21336223185062408
0.19468821585178375
0.22294840216636658
0.22043323516845703
0.0707114189863205
0.12668485939502716
0.14119896292686462
-0.8660157322883606
0.11824551224708557
0.1479046493768692
0.11385375261306763
0.1293523907661438
0.10656929016113281
0.05203591287136078
0.08141564577817917
0.08377262204885483
0.1675155907869339
0.059584569185972214
0.06842846423387527
0.029849998652935028
0.05502636358141899
0.03746625408530235
0.04495931416749954
0.023615289479494095
0.06899912655353546
-1.2738831043243408
0.08383569866418839
0.04532252624630928
0.021033355966210365
-0.07973591983318329
0.10723462700843811
0.06376465409994125
0.35232967138290405
0.10710563510656357
0.0035148714669048786
0.11144726723432541
-0.14261934161186218
-0.10670886188745499
0.09930400550365448
0.03497760370373726
-0.3289021849632263
0.4251127243041992
0.37465885281562805
0.6430851221084595
0.2344898134469986
0.7588307857513428
0.18698129057884216
-0.14524954557418823
-0.23960983753204346
-0.22303058207035065
-0.30000796914100647
-0.30932167172431946
0.10300236195325851
0.07935981452465057
0.08834756165742874
-0.8089097738265991
0.08961473405361176
0.06878110021352768
0.08421476930379868
0.10401509702205658
0.10133242607116699
0.11362148076295853
0.09855514019727707
0.11489282548427582
0.08018709719181061
0.028713708743453026
0.017562516033649445
0.11850826442241669
-0.030610783025622368
0.12028635293245316
0.010231905616819859
0.06805192679166794
0.013884431682527065
-0.46973124146461487
0.06779037415981293
0.11737855523824692
-0.010531598702073097
-0.0465809628367424
-0.06151161715388298
-0.04378616437315941
-0.07484010607004166
-0.03524664044380188
-0.8883740901947021
-0.0030767321586608887
-0.007580362260341644
-0.0008646673522889614
0.025448501110076904
-0.002573592122644186
0.12135811150074005
0.020968003198504448
-0.009636218659579754
0.1579304039478302
-0.03668374940752983
0.001646685996092856
0.10476334393024445
-0.753021240234375
0.08625926077365875
0.19966095685958862
0.13983167707920074
0.19611980020999908
0.15124011039733887
0.16665862500667572
-1.2293269634246826
0.17645254731178284
0.15045836567878723
0.1473783552646637
0.1367022693157196
0.1425503045320511
0.1291017383337021
0.12607309222221375
0.14785423874855042
0.14436179399490356
0.07649237662553787
-0.7581806778907776
-0.3575673997402191
0.0022535109892487526
0.13454511761665344
0.09720795601606369
0.05512629821896553
0.051731955260038376
0.10746064782142639
0.11838513612747192
0.10201503336429596
0.11325941234827042
-0.0328921414911747
0.348564088344574
1.0565547943115234
-0.011276120319962502
0.5481385588645935
0.02820165827870369
0.08645632863044739
-0.005662505980581045
0.15942922234535217
-0.04981322959065437
0.015007667243480682
-0.06946147978305817
-0.09477749466896057
-0.09897314757108688
-0.06471581012010574
-0.09107822179794312
0.021509317681193352
0.01809338480234146
0.02229003608226776
-0.009936110116541386
-0.05193505063652992
-0.09405692666769028
-0.49083349108695984
-0.2122499942779541
0.0864601880311966
-0.14012505114078522
0.04620394483208656
0.15739285945892334
-0.48577162623405457
0.1479581743478775
0.21116319298744202
0.1388704627752304
-0.12876485288143158
0.1010575219988823
-0.15736882388591766
0.007970034144818783
0.1523064821958542
0.06136908009648323
-0.007008571643382311
-0.5054896473884583
-0.02571152336895466
0.11021995544433594
0.02558012306690216
0.15928691625595093
0.06929508596658707
0.12665699422359467
0.08488540351390839
0.09479957073926926
0.15665577352046967
-0.09972618520259857
-0.021073270589113235
-0.20296572148799896
0.22789257764816284
-0.2758389413356781
-0.04243907332420349
-0.22402314841747284
0.1799549162387848
0.12389344722032547
0.32513678073883057
0.24216628074645996
0.23961281776428223
-0.012692729011178017
0.10235606133937836
0.05801166221499443
0.14623193442821503
0.08628057688474655
0.05454251542687416
-0.1193573996424675
0.05236246809363365
0.4096853733062744
-0.44466084241867065
-0.6176791787147522
0.14283645153045654
-0.323658287525177
-0.35681694746017456
-0.29433444142341614
-0.37341398000717163
-0.09876247495412827
0.14354684948921204
0.20267118513584137
-0.015854215249419212
0.18373234570026398
0.17519666254520416
0.2217978835105896
0.12130720168352127
0.027775434777140617
0.13277563452720642
0.13934288918972015
0.05955641716718674
-0.2514699399471283
-0.1237347275018692
0.03800657391548157
-0.05743618309497833
0.02439400739967823
0.30290308594703674
-0.15976102650165558
-0.5018936395645142
0.09391815215349197
0.06919064372777939
-0.33626994490623474
-0.029792150482535362
-0.1809043437242508
-0.12824352085590363
0.032634466886520386
0.15325278043746948
0.3502991497516632
-0.05233520269393921
0.056823961436748505
-0.048634469509124756
-0.07684454321861267
-0.038097161799669266
-0.09537261724472046
0.006040559150278568
-0.12213004380464554
0.004289695527404547
0.3083174228668213
-0.04635715112090111
0.009556774981319904
-0.04805759713053703
-0.10242118686437607
0.22014835476875305
0.12585079669952393
-0.00378546305000782
-0.008432842791080475
0.238585963845253
0.06951556354761124
0.13245639204978943
-0.77849942445755
0.20826226472854614
-0.022905519232153893
0.10689125955104828
-0.07313571125268936
0.02932668849825859
0.2387460470199585
-0.12152507901191711
-0.021899301558732986
-0.4932250678539276
0.3829018771648407
0.15416735410690308
0.08450038731098175
0.06835447251796722
0.08193565905094147
0.11154081672430038
0.08163289725780487
0.13634133338928223
-0.06766974180936813
0.026957230642437935
0.004548211582005024
0.057858556509017944
-0.03341752663254738
-0.5306460857391357
0.0145409619435668
0.05937927961349487
0.19643233716487885
0.11068003624677658
0.10989964008331299
-0.10937359184026718
-0.00999013613909483
0.3495933413505554
-0.061097633093595505
0.08715913444757462
-0.1120576485991478
-0.09896625578403473
-0.19916002452373505
-0.13613881170749664
-0.18234457075595856
-0.13334199786186218
-0.1324494183063507
0.14677146077156067
0.05928345024585724
0.1227734163403511
0.10211434215307236
0.07097817212343216
-0.07711182534694672
-0.22595183551311493
-0.14068914949893951
0.3270697593688965
-0.11416056752204895
-0.15349866449832916
-0.14172227680683136
0.03567012399435043
-0.021392004564404488
-0.1136949360370636
-0.9255601763725281
0.04169189929962158
-0.03534143045544624
0.010304310359060764
0.10701380670070648
0.03544433414936066
0.0174514502286911
0.04928264394402504
0.08949559181928635
-0.026988299563527107
-0.7747890949249268
0.07782395929098129
-0.00825576949864626
-0.03210890293121338
0.02120652049779892
0.07818230986595154
0.02312089316546917
-0.539819061756134
0.11442025750875473
0.06776411086320877
0.07876294106245041
0.25478595495224
-0.2696346044540405
0.05565754696726799
0.06979446113109589
0.11706552654504776
0.12954610586166382
0.001962843583896756
0.03303837031126022
-0.0020851523149758577
-0.40427684783935547
0.17438451945781708
0.08084851503372192
0.06017693504691124
-0.11849072575569153
-0.021321212872862816
0.19269034266471863
-0.3498363792896271
0.05373918637633324
-0.2162274271249771
0.12192399799823761
-0.5301925539970398
0.09386472404003143
0.006928668823093176
0.09533460438251495
-0.08839933574199677
-0.08230789750814438
-0.07878245413303375
-0.056848812848329544
-0.018978644162416458
-0.06861936300992966
-0.028920145705342293
-0.05065893009305
0.06325356662273407
-0.15733948349952698
0.31852987408638
-0.047163624316453934
-0.08629877865314484
0.04370817914605141
0.058772627264261246
0.02036520093679428
-0.05556705594062805
-0.0019712585490196943
0.053593214601278305
0.040392111986875534
0.043661896139383316
0.08206963539123535
-0.08622794598340988
-1.0377006530761719
-0.0017180853756144643
-0.017873743548989296
-0.15953268110752106
0.29203304648399353
0.25126248598098755
0.02999114990234375
0.059033527970314026
-0.3454149663448334
0.1411021649837494
0.050431039184331894
0.09278163313865662
0.013643493875861168
0.07227449864149094
-0.22331885993480682
-0.2716428339481354
-0.30195051431655884
-0.11656422913074493
-0.24099862575531006
-0.057555120438337326
-0.11853701621294022
0.07680019736289978
0.1930585354566574
0.24269261956214905
0.22866502404212952
0.024710915982723236
0.13574515283107758
0.05914221704006195
0.11347991973161697
0.09360113739967346
0.11283890157938004
-0.9278043508529663
0.1615838259458542
0.13054676353931427
0.09402699023485184
0.08710459619760513
0.10664954781532288
-0.4986511468887329
-0.09811126440763474
0.01141990814357996
0.0749301090836525
0.07148364186286926
0.08265703916549683
0.13939480483531952
0.173232302069664
0.10131824761629105
-0.6680063009262085
0.189492866396904
0.18535718321800232
0.09640559554100037
0.08946710079908371
0.11272915452718735
0.03221326693892479
-0.912030041217804
0.11572279781103134
0.13208968937397003
0.11322282254695892
-0.04348091036081314
-0.2292306274175644
0.019449586048722267
-0.010332142002880573
0.15994827449321747
0.17338250577449799
0.21462543308734894
0.09532433748245239
0.12236393988132477
-0.5514183640480042
0.10740654170513153
0.0961737334728241
0.09353192150592804
0.1813487410545349
0.1935528814792633
0.1631639450788498
0.09202129393815994
0.1230490431189537
0.07628054916858673
0.11085367202758789
-0.052590660750865936
0.10910318791866302
-0.8650647401809692
0.09468891471624374
0.11213231086730957
0.039297983050346375
0.06321142613887787
0.08046762645244598
0.23991917073726654
-0.06875365227460861
0.005475078243762255
0.012382707558572292
0.08212252706289291
-0.0955066829919815
0.0454205758869648
-0.06459363549947739
-0.23268093168735504
0.13978885114192963
-0.5196159482002258
0.08864900469779968
-0.012971146032214165
-0.0012780515244230628
0.04222079738974571
0.010613618418574333
-0.13755783438682556
-0.1066579595208168
-0.08411522209644318
0.3675829768180847
-0.26065826416015625
-0.02809773199260235
-0.12987029552459717
-0.24289344251155853
0.29887136816978455
0.18952922523021698
0.014278181828558445
0.11773355305194855
0.057796984910964966
0.10806965827941895
0.12521569430828094
0.11512955278158188
0.14918191730976105
0.14424318075180054
-0.48158589005470276
-0.32360827922821045
0.07536787539720535
0.11513691395521164
-0.31353074312210083
-0.2433495968580246
0.1521557867527008
0.06121642142534256
0.13966624438762665
-0.10062941908836365
-0.04336826875805855
0.3051072955131531
0.0074685863219201565
0.2321997731924057
-0.06399165093898773
0.06066901981830597
0.09499935060739517
0.13972164690494537
-0.003432361176237464
0.1003781259059906
0.10717839747667313
0.1330084502696991
-0.035897184163331985
-1.6430349349975586
0.20298412442207336
0.14535842835903168
0.1603263020515442
0.05091582238674164
0.038641173392534256
-0.44846898317337036
-0.08601749688386917
0.10650596022605896
0.08285912871360779
-0.04212377965450287
-0.24859656393527985
0.09339135885238647
0.09091085195541382
0.07571440935134888
-0.11653067916631699
-0.09759300947189331
-0.11018939316272736
-0.09129052609205246
0.5499452948570251
-0.10825469344854355
-0.11476872116327286
-0.11433971673250198
-0.14399510622024536
-0.13613608479499817
-0.13324974477291107
-0.11311591416597366
0.3430938422679901
0.1153687909245491
0.04448048397898674
0.07126127183437347
0.16208957135677338
0.11817809194326401
-0.4112740457057953
0.14028356969356537
-0.23273375630378723
0.08085355162620544
0.03608629107475281
0.17403735220432281
0.147992804646492
-0.03862222284078598
-0.10808839648962021
-0.03604235500097275
0.014174100011587143
-0.04170471057295799
-0.03232930228114128
0.21774174273014069
-0.1337018460035324
0.1923406422138214
0.20839230716228485
-0.37868955731391907
0.26066848635673523
0.09505632519721985
0.11200644075870514
0.02466474287211895
0.12099958211183548
0.1215282753109932
0.1048538014292717
-0.0762026458978653
-0.44239550828933716
-0.31055548787117004
0.34781360626220703
-0.40059348940849304
0.16098186373710632
0.0012965365312993526
0.18560737371444702
0.11081978678703308
-0.3036259114742279
0.07089226692914963
-0.14508582651615143
0.11410249024629593
-0.07472492009401321
0.15939052402973175
-0.024452023208141327
0.07389534264802933
-0.037975817918777466
-0.2951164245605469
-0.034195516258478165
-0.17241692543029785
0.14638274908065796
0.00711114751175046
-0.31635743379592896
0.1630217581987381
0.24320566654205322
-0.27696970105171204
0.28330856561660767
-0.5063119530677795
0.09801499545574188
0.15316204726696014
-0.05922554060816765
0.04711465537548065
-0.02192450501024723
0.15990431606769562
-0.2413601577281952
0.04569442942738533
-0.5842745304107666
0.15520913898944855
-0.29893121123313904
0.15658718347549438
-0.18499533832073212
0.05573122575879097
0.15053993463516235
0.13697697222232819
0.10138890892267227
0.052148085087537766
0.12070707231760025
0.19492539763450623
0.19094252586364746
-0.6396220922470093
-0.32561439275741577
-0.2755550146102905
0.187728151679039
-0.3705977201461792
-0.4100823998451233
0.04989899322390556
-0.009854110889136791
0.08144773542881012
-0.13577231764793396
0.11511106789112091
-0.0002926159359049052
0.20480231940746307
0.1832088977098465
0.20661137998104095
0.17626029253005981
-0.051023393869400024
-0.06629065424203873
-0.07613474130630493
-0.29328015446662903
-0.09511162340641022
-0.24167285859584808
-0.21158166229724884
-0.37284550070762634
0.18445058166980743
0.22804132103919983
0.05930955335497856
-0.031520262360572815
-0.07511565089225769
0.017808428034186363
0.10470153391361237
-0.057834044098854065
-0.30672475695610046
-0.23321041464805603
0.050558898597955704
0.044321030378341675
0.1618274748325348
0.03594803437590599
0.020275762304663658
0.009708174504339695
0.042435746639966965
0.1289568692445755
-0.07978568226099014
-0.277993381023407
-0.1313251405954361
0.09466996043920517
-0.37314745783805847
0.17109154164791107
-0.09006305783987045
0.12038017809391022
-0.10720857232809067
-0.15523874759674072
-0.15958918631076813
-0.19582073390483856
0.1389119029045105
0.45529648661613464
-0.12486622482538223
-0.124606192111969
0.014580024406313896
0.19917337596416473
-0.12492643296718597
-0.12197105586528778
-0.07830587774515152
0.05385619401931763
-0.15637077391147614
-0.24504755437374115
-0.2010662853717804
-0.10012182593345642
-0.30456820130348206
-0.17760469019412994
0.16796886920928955
0.20161519944667816
0.17254117131233215
-0.0635494664311409
-0.036615196615457535
-0.03442087769508362
0.1451750546693802
0.025937402620911598
0.0828114002943039
0.04758825898170471
0.11625256389379501
0.14023970067501068
-0.813438892364502
0.04788161814212799
0.01887413114309311
0.03869599476456642
0.08253549039363861
-0.04373173043131828
0.024292226880788803
-0.6240196228027344
-0.022934984415769577
0.04365970566868782
0.07407130300998688
0.10133478790521622
0.115915946662426
0.07277590036392212
0.035766422748565674
0.05034075304865837
0.06341810524463654
0.24385766685009003
-1.2152472734451294
0.12830767035484314
0.08477266132831573
0.06381424516439438
0.1203300952911377
0.15601560473442078
0.07747187465429306
0.1377386599779129
0.042149461805820465
0.0924801155924797
0.09273519366979599
0.10485632717609406
0.10331351310014725
0.10742959380149841
0.020237641409039497
0.01660088263452053
-0.01428768876940012
0.05236063152551651
-0.13813416659832
-0.7135847210884094
-0.14513227343559265
-0.4299046993255615
0.06014498323202133
-0.002413644688203931
-0.07360033690929413
-0.09984125941991806
-0.036217089742422104
-0.6788322925567627
-0.008011510595679283
-0.007072819396853447
0.0007912335568107665
-0.016048697754740715
0.2030249536037445
-0.00993839930742979
0.05401943624019623
-0.035025812685489655
0.3631713092327118
-0.19044485688209534
-0.11317207664251328
-0.06741315871477127
-0.08092658221721649
-0.057258184999227524
-0.055613670498132706
-0.04949846863746643
-0.05873484909534454
-0.06072044000029564
-0.04005374014377594
0.13766930997371674
0.0705266073346138
0.061352938413619995
0.04882315918803215
0.08070475608110428
0.06250110268592834
0.07518766075372696
-0.8168680667877197
0.07852813601493835
0.10918276011943817
0.08758102357387543
0.09940055012702942
-0.050543162971735
-0.0792708471417427
-0.2303253561258316
0.37543657422065735
-0.06275340169668198
-0.07639405131340027
-0.09044616669416428
-0.04155569151043892
-0.14184409379959106
-0.12258294224739075
-0.13207218050956726
-0.07381241768598557
0.02302263304591179
-0.08856602013111115
-0.08343370258808136
-0.1565486341714859
-0.12735143303871155
-0.21927829086780548
-0.14155583083629608
0.07124103605747223
-0.24265924096107483
-0.20469926297664642
-0.09564786404371262
0.3899531662464142
0.04081282392144203
0.04623692110180855
0.09194525331258774
-0.13546067476272583
0.12982070446014404
0.0035343607887625694
0.2610622048377991
-0.018398674204945564
0.3248401880264282
-0.14102628827095032
0.05770451948046684
0.045727893710136414
-0.03085828199982643
-1.1723620891571045
0.06500928103923798
0.04687873274087906
0.05065161734819412
0.03767649456858635
0.05364717170596123
0.050726518034935
0.0504460372030735
0.07138799130916595
0.035562913864851
0.062189675867557526
0.16427579522132874
-0.5302849411964417
0.1663879156112671
0.07839561998844147
0.1661144495010376
-0.20655478537082672
-0.37817320227622986
0.16274085640907288
0.08782659471035004
0.18259994685649872
-0.2967023551464081
0.16736352443695068
0.23737210035324097
-0.1955888420343399
-0.5220966935157776
0.06265800446271896
0.17032206058502197
0.04835020378232002
-0.07070277631282806
0.0669194906949997
0.22744612395763397
-0.1607971042394638
-0.09416158497333527
0.10348241031169891
0.1007174402475357
0.12597714364528656
-0.16745169460773468
-0.3258514702320099
-0.061170440167188644
0.08695869892835617
0.10179422050714493
0.07028401643037796
-0.1616360992193222
-0.09764159470796585
0.15680094063282013
0.13052548468112946
-0.09658858180046082
0.09771765023469925
0.085584357380867
0.09565325081348419
-0.24901269376277924
-0.4322878122329712
-0.033150896430015564
-0.07382401078939438
0.10338302701711655
0.1961001604795456
-0.13492652773857117
0.2355748414993286
0.10634054243564606
0.023348622024059296
-0.08301214873790741
-0.5465319752693176
0.17261335253715515
0.18436028063297272
0.16933919489383698
0.09754854440689087
0.07575299590826035
0.06598415225744247
0.09480386972427368
0.11883887648582458
-0.01653982326388359
-0.8146675229072571
0.08784986287355423
-0.013320621103048325
0.08794130384922028
0.00803552009165287
0.09823286533355713
0.020408770069479942
0.06441105157136917
0.05171019956469536
-0.03843855857849121
-0.006993150804191828
-0.17415843904018402
0.07929957658052444
0.06973719596862793
-0.016662271693348885
0.06274662911891937
-0.006210351828485727
0.02939629927277565
0.010288420133292675
-0.7832297682762146
0.026855384930968285
-0.09437306225299835
-0.037354934960603714
0.09478152543306351
0.0043523372150957584
-0.04879753664135933
0.0753755196928978
0.15625961124897003
-0.14313742518424988
-0.3878701627254486
-0.017693134024739265
0.12667346000671387
0.11240588873624802
0.11295698583126068
0.11087723821401596
-0.09421472251415253
-0.22850540280342102
0.15174296498298645
-0.33303943276405334
0.004807517398148775
0.17824529111385345
0.15281173586845398
-0.044733744114637375
0.0563836432993412
0.10434877127408981
0.13241685926914215
0.09490825980901718
0.010744793340563774
-0.11616288125514984
-0.27021315693855286
-0.16739414632320404
0.08226380497217178
0.0298774391412735
0.07483668625354767
0.04324707016348839
-0.4549877941608429
0.003159506479278207
-0.05223618447780609
-0.09450425207614899
-0.1409851610660553
-0.15288296341896057
-0.17350205779075623
-0.15477316081523895
-0.17643259465694427
-0.20871461927890778
0.3551709055900574
-0.15815219283103943
-0.204304501414299
-0.15427829325199127
-0.172904372215271
-0.17322690784931183
0.26204022765159607
0.13345946371555328
-0.10479085892438889
0.06587984412908554
-0.23121295869350433
-0.1985795646905899
0.12692375481128693
0.09848745167255402
0.11790261417627335
0.11292190849781036
0.07055125385522842
0.10667090862989426
-0.14845435321331024
0.01721026748418808
0.18064545094966888
0.32588958740234375
-0.013931768015027046
-0.349957138299942
0.04511149600148201
0.00048035915824584663
-0.018070925027132034
-0.09533923864364624
-0.05850968882441521
-0.04753874987363815
0.21821802854537964
0.17875365912914276
0.16722343862056732
0.14090536534786224
0.14926685392856598
0.15493924915790558
0.13882280886173248
0.14665767550468445
0.13810370862483978
0.1326533555984497
0.1252470165491104
-0.6211926937103271
0.043966490775346756
0.10973246395587921
0.1152266338467598
0.10397526621818542
0.08408800512552261
-0.7929482460021973
0.07979939132928848
0.026342131197452545
0.09484150260686874
0.10484100133180618
0.12167610973119736
0.08500022441148758
# B
-3.9428160190582275
-0.17527568340301514
-0.09967020153999329
0.17882230877876282
-0.4601518213748932
0.010044150054454803
0.017533455044031143
0.19201914966106415
-0.1631416529417038
0.26867762207984924
-0.010268519632518291
0.073829784989357
